# alpha beta sine cosine d q back_alpha back_beta
203300 172314 65535 402 173558 -202240 203302 172315
82038 65247 65292 -5648 57934 -87356 82038 65247
243264 74459 51088 41049 210414 -142996 243266 74460
239641 26325 -44345 -48254 -194260 142770 239639 26325
-210558 -180685 -21010 62077 -141519 -238651 -210558 -180686
57065 -18233 39241 -52489 -56622 -19566 57065 -18233
42954 119724 40813 -51276 40951 -120423 42954 119723
21369 225397 12588 -64316 22323 -225306 21369 225400
-131203 147511 62036 -21129 181933 76638 -131201 147508
-55823 42673 -41731 -50532 15870 -68449 -55823 42673
2238 -17827 62004 21224 -16141 -7891 2238 -17827
-145810 -41627 -11551 -64510 150864 15276 -145810 -41627
136947 11426 43129 -49344 -95592 -98727 136946 11426
229623 19885 39362 -52398 -171647 -153814 229620 19885
-153999 -236418 63391 -16630 -189602 208951 -154000 -236418
245358 -70142 65398 -4244 -85883 -240299 245355 -70141
180144 -9698 -61464 22740 71603 165586 180143 -9698
84810 247633 -25427 60402 -17912 261139 84809 247631
-27581 -76226 -65534 478 76023 -28136 -27581 -76226
-124837 -244928 63860 -14727 -210611 176684 -124838 -244929
-2024 259502 -62189 -20677 -245610 -83795 -2024 259504
191671 -44607 -28043 59233 192324 41700 191671 -44606
-181809 -3968 21486 61914 -173062 55857 -181810 -3969
-253463 -24939 64867 9343 -60819 247320 -253466 -24940
-149623 10399 11229 -64567 149192 15391 -149623 10399
-108433 -161892 -18543 -62858 149808 124596 -108433 -161892
-47617 -204386 -65512 1784 203015 -53163 -47617 -204388
-139236 -83375 -22386 61594 -102381 -125921 -139235 -83375
231672 125441 -57109 -32149 -222959 140347 231674 125442
33421 -133899 -34251 55873 98473 -96689 33421 -133897
-110709 -24184 29802 -58368 87603 71883 -110710 -24184
169914 63722 25890 60205 181266 -8586 169913 63722
-131528 -127820 -62453 19864 81941 -164083 -131528 -127820
-124373 -149798 12095 -64410 94590 170178 -124372 -149797
56763 -131116 -38777 -52833 31820 139288 56763 -131117
125075 184197 -64141 13450 -154607 160216 125076 184197
159507 -95224 47308 45353 41645 -181040 159506 -95223
41704 -241682 10684 64659 1746 -245247 41704 -241680
137094 -150833 11749 64474 107832 -172966 137093 -150831
181030 -181298 65223 -6399 -198108 -162463 181031 -181299
-100763 220780 43506 49012 71208 232005 -100762 220779
-211053 210410 55166 35380 63178 291248 -211056 210413
-244673 -167106 64363 -12341 -118041 271761 -244669 -167103
184917 29333 -25682 60294 158631 99451 184915 29333
102176 93929 -61988 -21272 -122009 66156 102177 93930
171630 -217604 15020 63792 117191 -251149 171632 -217607
163995 -103669 -46607 -46074 -41568 189511 163998 -103671
30652 -111519 43600 -48929 -97076 62868 30652 -111520
-198810 -148318 -56354 33455 26049 -246669 -198812 -148320
-45520 19866 53711 37551 -9801 48689 -45520 19865
-132366 -189285 -18060 62998 -75078 -218431 -132364 -189282
-73836 146026 -8895 -64930 53334 -154697 -73837 146028
-101675 230143 -59510 -27451 -166393 -188726 -101676 230145
207563 -91685 -7348 65123 216535 -67835 207565 -91686
21284 -5483 -30805 -57845 -16209 14844 21284 -5483
-160201 56871 53797 -37427 138173 99027 -160198 56870
199386 -74327 26810 -59801 -212344 -13744 199384 -74326
-55902 134074 28971 58785 9126 144975 -55902 134075
-216168 -122816 -63686 15460 68355 -239038 -216165 -122815
-187748 -245122 49228 43261 -308060 -20779 -187745 -245119
181950 69101 64755 10088 96285 -169145 181950 69101
-37161 -204225 -50867 -41323 181945 99929 -37162 -204229
-181922 -228106 -60990 23984 145706 -252782 -181924 -228109
157756 -16731 62141 20820 34253 -154899 157756 -16731
-208105 161850 38269 53202 -74429 252910 -208105 161850
-235983 -244488 38838 -52788 45191 336779 -235983 -244488
-189612 12788 64528 11452 -20542 188930 -189614 12788
193808 109191 60499 -25196 26287 -220892 193808 109191
74736 -29622 64105 -13622 -44509 -66947 74737 -29622
177594 -253839 -32848 -56710 -26447 308667 177596 -253842
-2401 223929 628 65533 -255 223942 -2401 223929
48199 -254339 24451 60804 -50173 -253957 48199 -254339
222980 41062 9566 -64834 -214598 -73170 222980 41062
-137240 66304 -61017 -23914 -11653 -151971 -137240 66303
-130759 -32905 -43015 -49443 120247 -61000 -130757 -32904
234254 -9878 -50388 41905 157381 173792 234254 -9878
-107448 123395 26673 -59863 148368 -68982 -107449 123396
180357 212292 32040 57170 261121 97017 180357 212292
-34828 -238599 9566 -64834 -372 241127 -34828 -238598
59520 -66470 -62228 -20557 44445 77366 59520 -66469
160970 47807 62978 -18132 1405 -167914 160971 47807
49767 -140199 58459 -29623 -147555 18979 49767 -140200
-15052 220239 -54547 36326 -191653 109548 -15052 220238
-215130 18164 -58288 29959 -114499 -183034 -215133 18164
225337 149568 -63590 15851 -90625 254822 225336 149567
-227345 -33547 -31159 -57655 215956 -78578 -227346 -33547
25281 78579 -59822 -26765 -82053 -9015 25282 78581
52465 -199673 -27998 -59255 37867 202950 52466 -199677
219322 208920 42520 -49870 -31346 -301276 219322 208920
-62058 1956 31380 -57535 55418 27997 -62058 1956
197488 146707 55847 -34294 21675 -245060 197488 146707
23466 -144393 -9815 -64797 -1576 146279 23466 -144393
-155137 -180784 48407 -44179 -28952 236459 -155139 -180786
86089 194962 -24521 -60776 -152783 -148590 86090 194963
-239722 -86702 -27451 59510 -181363 -179142 -239724 -86703
-97241 40341 -18711 62808 -104711 10899 -97241 40341
-167570 -207841 26121 -60106 70846 257409 -167573 -207844
-154846 -127699 -22575 61525 -101381 -173223 -154846 -127699
8608 250279 64588 -11105 245200 -50893 8608 250277
185866 143765 63639 -15656 95202 -214830 185869 143767
-170210 172666 19624 62529 -110697 215711 -170210 172667
158411 -2202 -64986 8471 22659 156797 158410 -2202
58211 12127 -43675 48862 35319 47835 58212 12127
-33497 -119947 45912 46765 -107933 -62125 -33496 -119945
-139249 -220624 41029 -51104 -29538 259217 -139250 -220626
101567 -170407 -64808 -9740 153419 125765 101567 -170406
-48153 -227522 -23445 -61199 126361 195239 -48154 -227523
-153216 -60789 -46501 46181 -64833 -151550 -153218 -60790
138502 59517 9168 -64892 -128815 -78308 138504 59518
-124730 42485 -64684 -10535 -21882 -129938 -124731 42485
-249945 -47933 58617 -29308 68904 244993 -249942 -47933
97222 -24980 57438 -31556 -68706 -73181 97221 -24979
-71496 -245434 47081 45589 -226055 -119369 -71497 -245435
-161888 -154377 -55821 34337 46673 -218774 -161889 -154379
-26636 -256962 55622 -34657 -204004 158494 -26636 -256959
166411 257284 38898 52744 286637 108294 166412 257286
239111 36598 -37407 -53812 -217225 106430 239113 36599
-175620 97476 -24148 60925 -199181 25907 -175621 97476
60717 -148466 -46853 -45823 63688 147216 60717 -148466
-245495 -62694 65332 5172 -81873 239783 -245498 -62695
-18408 -68196 3793 -65426 14430 69147 -18408 -68196
110548 6097 -41498 50724 81702 74719 110549 6097
70252 -10275 51557 -40458 -51453 -48924 70252 -10275
119346 -106866 -8147 65028 131706 -91201 119348 -106867
191532 -204617 -14776 63849 232735 -156166 191534 -204619
-252299 116279 45099 -47551 263079 89252 -252302 116281
165367 78226 -61172 -23516 -132355 126286 165369 78227
113796 196994 -62045 21106 -149852 171177 113799 196998
129536 -88908 -21129 62036 151282 -42397 129534 -88907
-95974 -253417 4345 65392 -112565 -246497 -95975 -253418
-227167 236166 -38635 -52937 44270 -324684 -227168 236167
212420 150975 1131 -65526 -209782 -154618 212418 150974
186953 174106 -28451 -59038 -244001 -75682 186952 174106
218476 35177 38999 -52669 -154649 -158281 218475 35177
3651 126988 -65483 2638 -126738 8760 3651 126988
-68475 198329 60045 26259 154275 142204 -68474 198327
-205119 224581 52080 39783 53954 299333 -205121 224583
-34415 -184226 -24358 60841 36522 -183819 -34415 -184224
-256126 -215397 -56835 -32630 314323 -114876 -256124 -215395
225586 47137 24428 60813 226899 -40345 225585 47137
-59881 -259548 -1458 -65520 65641 258152 -59882 -259549
-126115 -138965 -65482 2663 133726 -131658 -126116 -138966
-148226 -51390 -47895 44733 -63618 -143404 -148226 -51390
-121471 92253 58572 -29398 136939 67181 -121470 92252
-85665 93683 -16460 -63435 59389 -112195 -85664 93682
160272 -194618 -33217 56494 236802 -86533 160271 -194617
238055 47380 31490 -57475 -186008 -155937 238056 47380
-173168 19852 59319 -27861 91587 148301 -173169 19852
182951 13794 57916 30672 97814 -155223 182954 13794
53940 -135766 57892 30716 -94649 -111281 53940 -135765
44134 -144250 -42882 49559 127761 -80205 44134 -144249
200160 184055 -18904 -62750 -244742 -118494 200158 184053
196598 -234559 -58253 -30026 118419 282216 196599 -234559
123342 -52868 8720 -64953 -129279 35986 123341 -52867
41261 -36267 -17431 63175 49421 -23986 41261 -36267
-211641 -71406 -60055 -26236 150160 -165355 -211639 -71405
92260 -47948 65525 1206 -46242 -93127 92260 -47948
-210748 206401 52937 38635 42480 291911 -210749 206402
90993 123994 -39100 52594 -953 153796 90993 123993
-202050 137797 21794 61806 -144726 197146 -202050 137797
237957 -62513 65417 -3943 -76716 -233764 237955 -62512
175393 -93581 63916 14482 -52510 -191737 175394 -93582
-93492 55934 22433 -61577 106990 -20553 -93491 55934
41720 253763 47998 44622 214260 142226 41720 253761
-126401 -140836 53290 38146 -188093 20807 -126401 -140835
-217124 -20701 -54140 -36931 139456 -167703 -217128 -20702
-51160 -208143 33843 56121 -151296 -151822 -51159 -208141
-79516 177665 56985 -32368 193756 -18607 -79516 177665
143496 -172264 -31556 -57438 -42819 220072 143494 -172261
10925 68448 33735 56186 44600 53059 10925 68447
-165477 -215451 -32826 56722 -35306 -269360 -165476 -215449
98054 38869 -48660 -43899 -94541 46768 98053 38869
-194886 -79393 61288 -23210 -5227 210371 -194884 -79392
-186287 13483 15314 -63722 184281 30420 -186289 13484
2509 127604 19744 -62491 36051 -122431 2509 127604
-179797 -79119 56225 -33671 24498 194902 -179798 -79119
-83049 -210723 -63894 -14580 223920 -34088 -83050 -210726
96406 -115069 -8322 -65006 -81014 126380 96407 -115070
115408 61806 -63792 15020 -33711 126502 115409 61807
244442 -125096 62801 18735 -49996 -270002 244442 -125096
172737 -116461 -61253 23304 170274 120036 172739 -116462
81084 219092 -40300 51681 -70784 222635 81085 219095
2106 -224228 -27975 -59265 93811 203671 2106 -224227
100953 -118794 -61864 -21628 78822 134501 100952 -118793
-80046 211256 2437 -65491 87847 -208134 -80047 211258
-193451 36841 17067 63275 -177183 85949 -193453 36841
-109125 190547 -16606 63397 -153846 156677 -109125 190546
-93772 -152987 62330 -20247 -116533 136449 -93772 -152987
39646 -183189 62851 -18567 -186916 13878 39646 -183190
-182645 190247 -64424 12020 -220518 -144653 -182644 190245
131632 120061 -41498 50724 25858 176276 131633 120062
-14253 -217434 -6974 -65164 37310 214683 -14253 -217435
-157598 -149700 -18374 62908 -109308 -187882 -157600 -149702
48919 179156 48811 -43731 100792 -155982 48918 179154
255859 145326 -17334 63202 208309 207824 255859 145326
76521 -2062 17164 63248 73309 -22031 76520 -2062
-137654 192008 65500 2186 187311 143983 -137656 192011
184558 -123417 50914 41264 20324 -221089 184558 -123417
-112646 -68099 63410 16557 -94349 91787 -112646 -68099
-223580 -219029 42271 50081 -312129 -23167 -223578 -219028
252411 214631 32499 56910 325623 61211 252409 214629
180777 -93165 -64387 12218 125234 160239 180777 -93165
175645 -60953 -45462 -47204 -84230 165747 175647 -60954
-44268 -135151 10138 64747 -64642 -126676 -44268 -135151
142091 81145 -64488 -11674 -105158 125364 142091 81145
207916 14064 54989 -35654 -101313 -182106 207917 14064
32931 238842 -44824 -47809 -187382 -151714 32930 238838
-248264 32999 63101 17697 -35267 247951 -248262 32999
156689 69327 14874 -63826 -136866 -103080 156690 69327
224441 172987 -2914 -65471 -231910 -162836 224440 172986
121027 -224677 55649 34615 -126857 -221439 121028 -224679
13578 -215302 36180 54644 -107539 -187015 13578 -215302
-192706 153880 -64584 -11130 -118917 -216040 -192706 153880
-11717 -123835 60576 25010 -118934 -36428 -11717 -123834
105661 38001 -46002 46677 48581 101233 105660 38001
159462 -200484 7498 -65106 -181353 180924 159464 -200486
190155 -39787 19192 -62663 -193470 -17643 190155 -39787
228416 -115275 35570 55043 129278 -220792 228415 -115275
90828 37079 16119 63523 97158 13600 90829 37079
-52638 21218 49509 42939 -18459 53667 -52637 21218
-223849 91774 57655 -31159 187166 153296 -223849 91774
225123 70907 64986 8471 99411 -214068 225121 70907
107664 -4221 46447 46234 72963 -79282 107663 -4221
-257796 -211509 -25890 60205 -153269 -296146 -257794 -211507
198448 173545 -33087 -56571 -258919 -49615 198451 173548
175503 -69023 -64688 10510 96275 162163 175504 -69023
-65473 -238213 65240 -6224 -230919 87801 -65474 -238215
-187 155377 -62758 18880 -148845 44583 -187 155379
-68432 -156350 -48356 44234 69175 -156022 -68431 -156349
-136964 -240831 53436 37941 -275659 -27749 -136963 -240829
242500 35183 -54140 36931 107589 220158 242504 35184
-235031 -171922 45625 -47046 49031 287041 -235030 -171922
182460 -20916 36514 54421 139861 -119028 182458 -20916
-71895 -44915 38105 -53319 32377 78344 -71893 -44914
202126 -254295 37941 53436 17587 -324362 202124 -254293
152139 -253499 -50468 41808 292270 -44558 152137 -253497
30289 -27138 38594 52967 8498 -39770 30289 -27138
-10514 -29175 -11501 -64519 15471 26877 -10514 -29175
-96529 -121439 -46056 -46624 154016 18558 -96529 -121439
68643 -71891 -23633 61127 89950 -42301 68644 -71892
7064 10807 -6849 65177 5896 11486 7064 10807
-110757 -227073 -26787 -59811 193895 161966 -110755 -227069
138713 145556 -21153 -62028 -178269 -92992 138712 145554
125273 60377 -63128 -17600 -91801 104456 125272 60376
27278 -251706 -21984 -61739 58737 246273 27278 -251708
-41636 -117637 53998 -37138 -73332 100968 -41636 -117638
-180894 14786 61333 23093 -49904 174503 -180896 14786
-241819 -178326 -35527 -55071 299875 18760 -241820 -178326
147704 -243888 -50 -65536 -147518 244001 147704 -243888
-384 110986 -64852 9442 -109883 15610 -384 110985
-175241 244563 -59265 -27975 -146357 -262868 -175240 244561
86340 247293 34721 -55582 57790 -255476 86339 247290
231636 50991 49145 -43356 -115003 -207436 231636 50991
-69306 208574 -24008 60980 -140895 168685 -69305 208573
-182877 259365 32848 -56710 288247 -132774 -182879 259368
-200250 -250515 -41225 50946 1916 -320710 -200251 -250517
80526 203136 45080 47568 198179 92051 80526 203134
-72584 -112864 -32303 -57022 118786 62424 -72585 -112864
69244 145932 55742 -34465 87708 -135641 69245 145933
257198 -222649 11427 64532 214436 -264084 257197 -222649
-39830 -257151 -24498 -60785 133068 223620 -39830 -257151
92050 191460 65223 -6399 181558 -110305 92051 191461
-1752 117270 39282 -52459 71694 -92820 -1752 117272
155144 9712 17528 63149 152091 -32136 155146 9712
-119782 61944 55002 -35633 117115 66849 -119781 61943
-252380 -72918 -553 65534 -251757 -75045 -252383 -72918
-227852 152659 43412 49095 -69567 265294 -227849 152658
73733 66809 11130 64584 84008 53316 73733 66809
107666 67363 -12440 -64344 -118495 -45701 107665 67362
604 51438 5498 65305 4917 51206 604 51438
-133400 148332 59954 -26466 189570 62135 -133398 148331
66773 51676 64510 -11551 39098 -74836 66773 51676
187857 -65506 -58583 -29376 -25649 197289 187855 -65505
-21371 56745 -58425 29690 -60270 6655 -21371 56745
3720 20475 -65034 -8097 -20778 1162 3720 20475
-170916 184629 42367 -50000 249756 -30369 -170916 184629
-146544 -248369 37407 -53812 -21437 287582 -146546 -248371
-62047 -166951 -58334 29869 120325 -131319 -62048 -166953
12240 38831 -61386 -22952 -40659 -2134 12241 38832
177644 92116 -63780 15069 -48801 194065 177644 92116
47913 -254701 -61922 21462 256346 -38140 47912 -254700
-93018 200581 -63135 -17576 -168286 -143404 -93018 200580
101188 51251 16314 63473 110761 24449 101188 51251
158299 100562 -62521 -19648 -143394 120867 158297 100561
-243847 3565 56443 33303 -120844 211825 -243843 3565
-207625 9374 -64084 13721 -52636 -201062 -207627 9374
134173 130313 -57998 -30516 -177800 58062 134174 130313
82090 183529 60681 -24754 138926 -145331 82090 183528
77181 -235480 27793 -59351 -169761 180525 77181 -235481
153012 -116221 53955 37200 -8830 -191943 153012 -116222
-214907 252998 34849 -55502 316536 -99985 -214905 252996
179551 107968 65265 5948 123817 -169009 179548 107966
63287 179573 53407 37982 183017 52499 63286 179572
203768 -92747 5798 65279 194764 -110411 203768 -92747
-164484 138894 26420 59975 -94534 193418 -164486 138896
-168273 -243387 61881 -21581 -174401 239036 -168275 -243389
-134614 -95625 -63780 15069 62110 -152995 -134614 -95625
-233130 -141700 -12662 -64301 256114 93987 -233129 -141699
239901 245250 43581 -48945 -16078 -342695 239898 245247
171499 -80649 39663 -52171 -185334 -39591 171499 -80649
14113 258734 -65458 -3191 -259113 1498 14113 258732
-79929 245400 -56238 33649 -251623 57410 -79929 245400
157020 -110801 30003 58265 88873 -170393 157020 -110802
-178353 95114 -61864 -21628 -30925 -199749 -178351 95113
-218375 233339 7049 65156 -192011 255474 -218376 233340
251565 -192020 65526 1131 -187649 -254840 251563 -192018
-133544 -188147 59383 27725 -226978 41410 -133545 -188149
-4341 -45596 -64514 11526 44121 -12292 -4341 -45595
152051 141037 42117 50211 207133 10341 152051 141038
-200463 115356 -15607 -63651 167226 -159777 -200466 115358
-21855 -156235 14506 -63910 -13269 157196 -21855 -156233
-10035 57485 64967 8621 55666 17510 -10035 57486
-208511 -140619 -28020 59244 -128370 -216268 -208511 -140620
-121457 -125103 28655 -58940 54533 165618 -121459 -125105
-99205 203215 -58356 -29824 -135805 -180815 -99203 203211
-212547 76019 -14947 63809 -224284 25539 -212549 76019
247818 -141282 -54012 37117 256793 124225 247818 -141282
-10580 1999 -56885 32543 -6989 -8191 -10580 1999
63941 21750 -51850 -40082 -56314 37286 63941 21750
-145545 157772 57244 31908 66947 203945 -145546 157773
-170456 -208909 -52171 39663 63144 -262128 -170456 -208909
-211532 -33584 -1659 65515 -210614 -38928 -211532 -33584
46266 43717 65526 -1156 42894 -47030 46266 43717
-118202 203477 -44677 47947 -225192 68286 -118202 203476
-190618 76408 8845 -64936 199185 -49982 -190616 76407
260340 129421 -63229 -17237 -193339 217136 260344 129423
135668 -220987 -56848 32608 259194 7729 135669 -220987
-128432 141335 50000 42367 24803 189355 -128432 141335
118866 -23033 65195 -6674 -35018 -115902 118865 -23033
248281 -232334 -11229 64567 284418 -186358 248282 -232335
-243184 219852 54182 -36868 318569 77373 -243183 219850
100123 -65366 -50580 -41673 -13217 118839 100123 -65367
62127 98082 63554 -15997 79951 -84189 62127 98083
-203860 255307 -7049 65156 -230139 231900 -203862 255309
-62654 -100830 -64151 13401 85887 -81948 -62654 -100829
-93419 4822 -13598 64110 -92387 -14666 -93420 4822
-199760 147117 -3341 -65451 192001 -157110 -199761 147118
-104222 157121 -4621 -65373 92884 -164079 -104222 157122
-223844 -118846 -35401 -55152 252574 -20900 -223844 -118846
-44553 166912 -25196 -60499 -23042 -171212 -44553 166912
26043 -181160 23914 -61017 -90352 159165 26043 -181159
-145844 -165995 50452 41828 -220873 6331 -145845 -165995
201733 199887 -64830 -9591 -227257 170307 201731 199885
-175825 98709 -65025 8172 -119864 -162146 -175828 98711
97163 76076 -32477 56923 46693 114228 97163 76077
-144822 8391 -64933 -8870 11287 -144625 -144822 8391
35025 -17025 58368 29802 764 -38936 35025 -17025
100061 -119141 61261 -23281 -146915 -51210 100060 -119140
-59913 201986 44733 47895 94084 188510 -59913 201986
67493 182693 -15485 63680 22414 193466 67492 182691
-105699 -184358 63448 16411 -204953 56166 -105699 -184358
-227007 18141 58470 29600 -86345 210725 -227004 18141
-164032 -46311 63423 16508 -86136 147078 -164033 -46311
219664 101424 54948 -35717 -34679 -239451 219665 101424
-184446 228559 -52262 -39543 -70975 -284995 -184446 228559
139519 -25402 -15411 63698 141579 8119 139518 -25401
-193020 190105 4821 -65358 206480 -175390 -193017 190103
-251711 -166003 -12884 -64257 279434 113278 -251711 -166002
-163218 -38454 -151 65536 -163129 -38830 -163218 -38454
-45420 94988 7673 -65085 56229 -89017 -45420 94988
-220248 13839 -1432 -65520 219892 -18648 -220246 13839
45563 252730 29331 58606 153856 205613 45564 252730
257497 -211682 -5498 65305 274348 -189334 257497 -211682
100431 165079 27633 59425 160671 107340 100430 165077
-123132 -258792 -46145 -46536 269654 97064 -123132 -258791
171438 -187108 -33347 -56418 -52379 248309 171440 -187110
-47460 9563 59531 27405 -11159 47110 -47460 9563
24059 35873 -65142 7174 -33024 27841 24059 35873
25016 222955 38919 52729 152531 164529 25017 222958
208830 -256489 63633 -15680 -299005 -141399 208832 -256492
256945 151837 -10758 -64647 -278384 -107599 256945 151837
-77152 -165200 -63976 -14212 177999 -39491 -77151 -165198
108218 149122 65225 -6374 137889 -122208 108217 149121
836 -237569 -45697 -46976 165053 170872 836 -237569
173427 -66168 49821 42578 62372 -174829 173429 -66169
-227748 32626 -48237 44364 -178186 -145545 -227748 32626
147562 -160931 -39141 52564 214469 -40946 147563 -160932
-194998 -29362 61963 21343 -91266 174805 -194997 -29362
168108 175303 28293 59114 227316 85550 168107 175303
-90044 226884 51835 40102 124353 210051 -90045 226888
-103622 -80448 38655 52922 -131128 -3845 -103621 -80448
-12831 89020 -1081 65527 -14298 88796 -12831 89020
104437 105267 47430 -45226 4113 -148228 104438 105268
-143821 -206039 -65360 4796 194961 -158513 -143820 -206038
114586 64663 -64447 11897 -42787 124420 114585 64662
13463 -118795 19936 -62430 -48962 109069 13463 -118794
216910 55300 64447 11897 93758 -203267 216910 55300
-73292 -22039 -40340 -51650 71329 -27745 -73294 -22040
125560 -82377 -62260 20462 117462 93563 125561 -82378
-51376 -199397 20366 -62291 -13133 205490 -51375 -199396
39140 255155 -56583 -33065 -240045 -94941 39139 255153
-183493 197886 -30070 58230 -253833 91633 -183491 197884
-157543 -37588 32804 -56735 117571 111398 -157542 -37588
-47523 -192955 -58379 -29780 193478 45347 -47523 -192955
-145804 39486 -14187 63982 -150894 6987 -145803 39486
-216825 176967 -62808 -18711 -107695 -258325 -216824 176966
-116019 -249300 -60653 24824 186779 -201805 -116020 -249303
141226 217201 -30560 57974 23648 257994 141224 217198
8419 31535 -56004 -34037 -31321 -9184 8419 31535
-50398 82952 39882 -52003 90471 -35153 -50397 82950
1003 -52458 54449 -36473 -44142 28361 1003 -52458
11666 -208367 64004 -14089 -206004 33402 11666 -208369
152133 -32497 23187 61297 130795 -84221 152133 -32497
238440 -212380 -65159 7024 236714 214306 238444 -212383
-86396 -189803 -10808 -64639 116515 172957 -86397 -189805
-41218 973 -12638 -64306 40257 -8903 -41218 973
90638 -4475 28496 59016 79675 -43441 90637 -4475
-120351 25577 35886 -54838 114710 44500 -120352 25577
61310 173441 -14482 -63916 -98121 -155606 61310 173442
245962 -56131 -56289 -33563 -77754 240004 245960 -56130
-225544 123419 5047 65341 -215368 140421 -225541 123417
-144012 -160852 65252 -6098 -146755 158355 -144013 -160854
9252 180494 -33130 56545 -83261 160409 9252 180493
191716 -115247 53173 38309 18561 -222917 191715 -115246
-218940 -260886 54658 -36159 -96784 326541 -218940 -260886
-150009 -81910 11130 -64584 133919 106196 -150009 -81910
-9309 -92560 7224 -65137 -951 93023 -9309 -92561
145593 210845 22031 61722 207999 149631 145593 210845
212185 213143 19216 -62655 -140361 -265988 212182 213139
64011 -143607 65452 -3316 -146662 -56663 64011 -143607
-84489 -12501 47325 45335 -67473 52364 -84488 -12501
-133555 -231854 -64340 12465 202221 -175217 -133557 -231857
137389 -68612 -11946 -64438 -122580 92506 137388 -68612
-175755 97955 5397 65313 -167090 112095 -175753 97953
-183081 -90569 46959 45715 -192605 68007 -183082 -90570
-224542 19797 62815 18687 -45051 220864 -224540 19797
-71945 38129 6073 65254 -68102 44632 -71945 38129
-27747 -145474 -56823 -32652 139958 48421 -27748 -145475
85710 -58264 -53523 -37818 -1876 103621 85709 -58263
144609 -194703 26902 -59760 -211788 118182 144609 -194703
259094 -180904 -7972 65049 279174 -148043 259091 -180902
84901 -41075 50548 41711 22355 -91627 84900 -41074
52737 54758 -45895 -46783 -75994 -2157 52738 54759
-247383 -20443 31270 57595 -227162 100071 -247385 -20443
-236464 -204520 65307 -5473 -184058 252717 -236463 -204520
-63674 -167670 -42635 49772 60721 -168762 -63674 -167671
222715 -80437 -65522 1332 84946 221033 222712 -80435
98234 -152089 -28948 58796 155311 -93056 98234 -152088
-158248 8146 65272 -5873 22295 156881 -158247 8146
-225432 -8571 -43431 49079 -163143 -155813 -225433 -8571
150 -234687 -41963 50340 150386 -180173 150 -234689
-6736 -140958 61315 23140 -134258 -43468 -6737 -140959
-261210 -108461 3191 65458 -266180 -95613 -261208 -108460
-203016 -178959 36744 -54267 67770 262012 -203019 -178962
76540 -75973 62714 19024 -50483 -95298 76540 -75973
-4609 -155518 43034 49427 -105596 -114265 -4608 -155517
-174903 -262041 59698 -27040 -166534 267440 -174905 -262044
-172790 185330 31798 -57305 241010 -78216 -172790 185330
44901 -250541 -57499 31446 241361 -80822 44901 -250542
-223113 -208092 42558 -49837 34535 303130 -223110 -208089
-146842 -134990 -7099 65150 -131355 -150101 -146841 -134988
132308 130226 -22645 61499 79160 167921 132306 130225
205799 198633 -30893 57798 87866 272191 205799 198634
174141 -240440 63882 14629 -195500 -223417 174139 -240437
-132200 101148 -16800 63346 -153711 63879 -132199 101148
-212255 -74686 58640 -29264 27952 223270 -212258 -74687
131603 108651 -54755 36012 -18462 169657 131603 108651
71267 15997 64025 -13991 414 -73039 71267 15997
78638 -175830 22716 -61473 -134709 137672 78638 -175829
127072 -99266 65505 2010 -95322 -130056 127071 -99266
-81962 84422 15387 63704 -59850 101306 -81962 84422
239615 250424 -35633 -55002 -337260 -79889 239613 250422
-240773 -93988 -63248 17164 27648 -256983 -240770 -93987
-111795 -108193 -54906 35781 29607 -152732 -111794 -108193
112241 5191 -653 -65533 -112288 -4072 112242 5191
252179 4745 25613 60324 233978 -94190 252182 4745
-233208 -165425 35802 -54893 104964 265961 -233211 -165428
213172 -125462 43600 48929 75686 -235489 213174 -125463
-50611 240170 54097 36993 169681 177345 -50611 240170
51983 221935 64563 -11254 209713 -89322 51983 221938
161544 176323 -32521 56898 52755 233246 161546 176324
136414 -46079 65506 -1985 -50190 -134956 136414 -46079
-97248 -55558 -51881 -40042 103400 -43040 -97249 -55559
169319 -240589 -56289 -33563 119929 268641 169317 -240587
-152288 63724 -33865 -56108 97451 -133250 -152287 63724
60173 -197296 43899 48660 -87480 -186797 60172 -197293
199794 240958 58242 30048 305745 -67079 199796 240961
177932 172735 -62794 18759 -114577 219931 177933 172736
57129 -191002 49195 -43299 -181121 83309 57128 -191001
-135218 -87264 -35210 -55274 160928 952 -135218 -87263
261697 -190433 44438 48169 63221 -317417 261698 -190433
-181239 199986 -39962 51942 -265591 47989 -181238 199985
252845 -167071 -54672 -36138 -49 303057 252846 -167071
242416 248709 -63410 -16557 -301885 171718 242416 248709
50312 -234237 61781 21865 -204030 -125579 50313 -234237
103454 -82921 33584 -56277 -131331 18191 103454 -82922
-58128 -196465 -55636 34636 136066 -153179 -58128 -196467
171093 -123878 -31358 -57547 -90963 190642 171094 -123878
-211585 -98644 -4621 -65373 218014 83480 -211586 -98645
-91287 95947 50835 -41362 132039 10254 -91288 95948
254436 154720 -15900 63578 209297 211827 254436 154720
-138356 144369 62109 20915 92665 177195 -138356 144369
80518 -9789 -63081 17770 31255 74847 80518 -9790
-162781 96567 20343 -62299 184716 -41269 -162782 96568
-3070 -104725 -11897 -64447 22030 102427 -3070 -104724
-210831 231804 -38898 52744 -307263 61422 -210832 231805
119186 204580 8197 65021 143838 188065 119185 204578
-245839 141563 -22007 61730 -279099 50789 -245835 141561
96383 -116554 -62165 -20748 80045 128325 96383 -116554
39736 -105569 24591 -60747 -76445 82945 39735 -105568
238599 27168 65461 -3140 15705 -239628 238601 27168
-186265 90918 -16533 -63416 157303 -134967 -186263 90918
-38980 185284 57450 -31534 181179 -54983 -38979 185281
146723 10099 15534 -63668 -140147 -44589 146721 10099
-103983 212375 1458 65520 -99233 214636 -103984 212376
218122 -221972 -41029 51104 309055 -36535 218124 -221974
-106010 32879 -65233 -6299 -22538 -108680 -106011 32880
-8298 76328 37324 53869 36649 67466 -8299 76328
-112740 247571 -37941 53436 -235252 136593 -112739 247569
-2802 -79204 13622 -64105 -13722 78057 -2802 -79205
46338 -14907 6549 65208 44616 -19463 46338 -14907
166984 -230258 57535 31380 -122191 -256850 166985 -230258
-207183 -250858 3391 -65448 193925 261241 -207182 -250856
78671 55076 60086 -26167 19084 -94119 78672 55076
-97766 155979 -60719 24661 -181303 -31886 -97766 155978
44177 -224717 -56835 32630 216878 -73574 44176 -224716
-114234 -7095 15753 63614 -112589 20572 -114232 -7095
-120948 234564 30805 57845 3502 263888 -120949 234565
-205452 -245787 -61217 -23398 302941 -104160 -205453 -245789
106914 -66794 -64899 9119 81021 96581 106916 -66795
-173802 89656 -57158 32062 -163223 -107721 -173803 89657
-143781 -218160 1709 -65514 138044 221836 -143783 -218162
141536 -244357 -46677 -46002 74690 272330 141535 -244355
-173436 130191 19577 -62544 204409 -72438 -173438 130192
-193574 -74568 53697 37572 -172074 115855 -193577 -74569
121776 -170854 -58818 28903 207046 33942 121775 -170853
-33628 158132 63633 15680 145494 70486 -33629 158134
-46474 228549 -65458 3191 -230540 -35290 -46473 228547
-118666 188854 -18422 62894 -166969 147884 -118668 188857
-40308 -200946 20987 -62085 -26165 203273 -40308 -200948
103707 243780 53232 -38228 137518 -226437 103709 243783
-86485 116688 38777 52833 -678 145242 -86485 116688
-95670 128214 -61063 -23797 -84724 -135696 -95670 128214
-128214 -154765 -17891 -63047 165595 113885 -128216 -154766
-141786 140371 -65392 4345 -149463 -132168 -141787 140372
-123905 -159251 -57774 -30938 198882 -34051 -123906 -159252
12296 181218 46305 -46376 119340 -136925 12296 181214
172808 75391 18012 63012 186873 24993 172807 75391
-168075 218813 39882 52003 -209 275911 -168072 218809
-235673 -188553 -47637 45007 -24793 -300796 -235670 -188551
-258885 174937 59071 28383 45559 309110 -258886 174937
-230085 -222744 -62943 18253 149848 -283020 -230087 -222745
-123195 161659 64510 -11551 180842 92773 -123195 161659
-96565 -468 -65371 4646 -6379 -96355 -96565 -468
-251863 160494 -64635 10833 -199920 -221871 -251867 160497
-153957 -151910 65467 -3015 -144667 160784 -153959 -151912
63085 -171754 -17091 -63268 -16110 182262 63084 -171753
-135832 124938 64759 10063 102600 153406 -135833 124939
-136551 127048 -62872 18494 -160418 -95148 -136550 127047
-127531 -162883 48032 44585 -206140 -17343 -127529 -162881
-218512 121895 44438 -48169 243260 58574 -218514 121895
103653 -193339 32062 -57158 -184989 117913 103654 -193341
-207262 -183174 4295 65395 -218821 -169197 -207262 -183174
89078 245282 17043 -63281 -22226 -260007 89077 245281
-203847 104581 60480 25242 17999 228401 -203848 104582
33158 -169316 -65326 -5247 166119 46608 33159 -169318
186463 -108599 -22928 61394 212672 -36501 186461 -108598
89051 113777 42616 -49788 6333 -144344 89051 113777
-127973 -206359 -45335 -47325 235162 60490 -127971 -206356
53795 96649 55636 34636 110480 5411 53795 96650
-194630 -193420 -64078 -13745 229937 -149734 -194628 -193417
226872 -99782 5548 65301 217611 -118630 226873 -99783
70658 248694 -57619 -31225 -252316 -56369 70658 248693
-100338 -35909 64443 11922 -53563 92132 -100339 -35909
-171231 256133 -5573 -65299 148831 -269768 -171233 256136
109117 -96282 13745 64078 86496 -117025 109116 -96281
-45662 -122456 55781 34401 -128197 -25414 -45662 -122455
-22431 135377 60971 24031 117722 70509 -22431 135376
40959 -197846 38736 52863 -83901 -183797 40959 -197846
-206518 31564 40970 -51151 180920 104469 -206518 31564
-227039 111618 -35464 55111 -251324 -28997 -227037 111617
-85698 -41360 -3843 65423 -83125 -46314 -85698 -41360
-19889 -165481 -47238 -45426 133064 100367 -19889 -165481
243258 -210593 -6599 65203 263227 -185029 243258 -210594
55375 -179014 65531 804 -178321 -57567 55375 -179014
-182509 181789 47964 44659 8677 257452 -182509 181789
-78976 -144183 58550 29443 -164295 5781 -78977 -144184
-236184 125325 -64131 -13499 -73989 -256935 -236187 125326
-103330 -206744 -62020 -21177 229042 -30980 -103329 -206743
243212 210639 -43223 -49262 -321740 2073 243212 210639
75260 -112182 37303 53883 -1976 -135073 75259 -112180
-144239 -209923 -60999 23961 142654 -211005 -144241 -209925
161418 96046 51479 -40557 -24449 -186233 161418 96046
-242377 -186853 -64177 13278 133871 -275208 -242378 -186854
224203 -25685 -55489 34870 141040 176165 224202 -25685
-18228 123981 -62978 18132 -124185 16786 -18228 123982
-193593 208073 -23187 61297 -254688 126120 -193592 208072
250053 -255168 -65139 -7199 226154 276568 250050 -255164
-237526 95275 -31115 57679 -254284 -28919 -237528 95276
-194450 -249572 -64892 9168 219917 -227452 -194452 -249575
174367 -32711 -2940 -65470 -172724 40500 174367 -32711
-256186 4352 59562 -27337 110818 231018 -256185 4352
-85026 -216153 35654 54989 -188938 -135109 -85027 -216155
-243767 -168879 -41108 -51041 295782 -21378 -243772 -168882
48402 138110 -26650 59873 -11942 145858 48403 138111
70298 -221167 -34551 -55689 56865 224997 70299 -221170
-108848 -132095 65497 -2261 -128261 113341 -108849 -132095
-129304 186260 -3693 -65432 118603 -193251 -129305 186261
94597 -185859 63202 -17334 -204260 -42069 94597 -185858
159937 -142998 34955 -55435 -211557 35652 159934 -142995
-214361 45164 -49575 42863 -174365 -132615 -214358 45164
173000 -34090 61090 23727 30857 -173606 173000 -34090
-121658 -80474 -9890 -64786 132410 61194 -121660 -80476
-8885 33169 54069 37034 22344 26074 -8885 33169
82705 145929 -18735 -62801 -120971 -116196 82705 145929
-60187 245191 -64004 -14089 -226520 -111491 -60187 245193
79483 241700 4119 65406 94516 236225 79482 241697
239266 119300 -29959 58288 158268 215484 239270 119302
185661 156226 -58504 29533 -55797 236141 185659 156224
226679 214186 -16435 -63442 -273149 -150496 226680 214187
85822 2030 -27177 -59635 -78936 33742 85821 2030
15099 -192691 -53363 38044 165665 -99564 15099 -192691
-211224 29666 -39603 52217 -186224 -104004 -211226 29667
-223628 258306 -20271 -62322 132764 -314809 -223627 258305
108836 260312 -61035 -23867 -282070 6560 108834 260308
57369 -181329 39060 52624 -62008 -179796 57369 -181330
88875 221917 -65458 3191 -217325 99575 88875 221915
123008 106534 37674 53625 161894 16459 123009 106534
212194 -124517 65519 -1483 -129286 -209321 212192 -124516
30921 -221429 56848 32608 -176690 -136996 30921 -221430
216145 -8792 -32434 -56948 -183470 114611 216149 -8792
73783 -217404 65517 1558 -215587 -78930 73782 -217401
6481 -173371 -26051 60136 74863 -156509 6481 -173372
-91263 -88140 22575 61525 -116039 -51308 -91263 -88139
249559 -34117 -65064 -7848 3986 251847 249556 -34116
157528 -79278 35696 -54961 -175290 -19316 157526 -79277
-160503 92626 -18156 62971 -179882 44535 -160504 92626
-257322 190689 65493 -2362 199838 250280 -257318 190686
74136 68360 55873 -34251 19535 -98932 74135 68359
-50470 106891 -41847 50436 -107095 50036 -50470 106891
95555 163094 -49657 -42768 -185935 -34031 95553 163092
175649 246329 -19024 -62714 -239591 -184734 175649 246329
-197341 -190400 64354 -12391 -149654 229781 -197341 -190400
80592 161959 51260 40833 176893 37874 80592 161957
215408 216901 39181 52534 302347 45086 215408 216901
-105534 227483 -56443 33303 -249549 24707 -105533 227480
105532 119285 44824 47809 158573 14840 105530 119283
-74493 -190900 57904 -30694 -133780 155227 -74494 -190902
255084 63581 -63692 15436 -1711 262882 255082 63581
-144463 227376 -35104 55341 -243783 114624 -144462 227374
172814 15046 -38777 -52833 -148220 90123 172815 15046
-26746 79539 55913 34187 53908 64310 -26746 79540
-199630 -15418 -57096 32171 -84564 -181489 -199628 -15418
-62220 -196926 15069 -63780 15273 205956 -62220 -196926
-238430 -127870 -64936 -8845 158879 -218989 -238427 -127869
-1083 35242 63768 15118 34041 9183 -1083 35241
196925 184379 21676 61848 246826 108870 196927 184381
119547 45206 -59340 27816 9808 127432 119547 45206
177998 -133432 -31974 57207 220476 -29632 177999 -133433
-90472 -23155 -40833 51260 -56337 -74481 -90471 -23155
-124127 -71722 28134 59190 -142897 -11490 -124127 -71722
-113488 -170448 -28406 -59060 176153 104415 -113489 -170449
-211164 -67647 64057 13844 -110727 192109 -211164 -67647
-133477 57967 -64884 -9218 -38616 -140302 -133475 57966
-162284 32279 60538 25103 -32344 162272 -162286 32280
-99578 -193969 44419 48186 -204684 -75126 -99577 -193968
-127687 -93926 -39020 52654 -46665 -151488 -127688 -93927
169383 38210 46501 -46181 -92247 -147111 169386 38210
-25745 -31289 -59499 27474 17614 -36490 -25744 -31289
197310 209812 51260 40833 287044 -23603 197308 209810
-24076 141500 56684 32891 110304 91840 -24076 141498
197504 -194346 57821 30849 -78499 -265736 197502 -194345
-238462 -221538 44971 -47672 21441 324784 -238464 -221541
17456 -138772 7224 65137 2053 -139851 17456 -138773
-24716 -169329 61963 -21343 -152048 78514 -24716 -169328
239817 -251619 54630 36201 -77276 -338899 239816 -251619
-107906 141963 -52773 -38858 -50336 -171065 -107905 141962
45274 198316 -39703 52141 -84123 185210 45275 198318
257219 -176546 31402 -57523 -310362 31712 257219 -176547
-57979 47052 59832 -26742 66615 33733 -57979 47052
143099 -64316 -36868 -54182 -82126 133675 143098 -64315
-77896 213344 -21462 -61922 3734 -227089 -77896 213343
68707 67293 37324 -53869 -18151 -94443 68707 67293
-136620 -44072 40577 -51463 79995 119197 -136619 -44072
3883 -79836 -45172 47482 57842 -55166 3883 -79838
22968 -209409 46518 -46163 -164819 131203 22968 -209408
-74873 133095 14555 -63899 102562 -113142 -74872 133094
168483 203359 -43750 -48795 -261201 -38937 168485 203361
-238130 -59308 -53349 38064 -90029 -228294 -238131 -59308
154334 -173076 -33065 56583 220572 -71565 154332 -173074
-122515 160003 36054 54727 -14284 201014 -122514 160002
259036 110873 -63882 14629 -50253 277248 259033 110872
-120235 189953 -14163 -63987 76342 -211447 -120233 189951
-18284 250667 -62677 -19144 -234391 -90710 -18284 250663
242501 238788 -64635 -10833 -275590 199696 242505 238792
-218772 -82694 63372 -16703 -24206 232624 -218773 -82695
-209139 91308 55860 34272 -31542 226010 -209136 91307
156933 167466 -64277 12785 -133634 186588 156934 167467
-36621 -93277 -53290 -38146 97163 24515 -36621 -93276
-93246 67609 -49919 42463 -111915 -27220 -93247 67609
-144331 225203 -54365 36598 -267416 6034 -144331 225203
-260879 121136 65484 2613 110638 265502 -260880 121136
-17610 -66998 -60614 -24917 68662 9185 -17610 -66997
-249421 215007 62228 20557 125917 304274 -249418 215004
223639 -115029 -35781 -54906 -124562 218472 223638 -115028
19175 52228 -64986 -8471 -54268 12263 19175 52227
221810 22609 -65484 -2613 -31435 220733 221811 22609
132273 6439 12193 64392 131162 -18283 132274 6439
-120457 70536 -63814 14922 -96110 -101231 -120455 70535
-211101 217033 -9591 -64830 177065 -245589 -211099 217030
-29770 -155057 -4244 -65398 39749 152803 -29770 -155055
102955 -106141 -13475 64136 122580 -82705 102956 -106142
53593 21253 -29264 58640 38464 42948 53594 21253
-226230 131794 64528 11452 90235 245781 -226233 131796
243074 89931 -65145 7149 -62879 251434 243075 89932
-66979 -199178 -60106 -26121 209371 17958 -66980 -199181
11 -26239 -3994 -65414 1588 26191 11 -26239
31507 -36320 -4420 -65387 -28986 38362 31507 -36320
-136166 13925 63268 -17091 48954 127822 -136165 13925
-197530 -214775 49029 43487 -291751 5261 -197530 -214775
205653 28814 -6023 65259 202136 47592 205656 28814
-154295 -109194 64983 8496 -128275 138837 -154295 -109194
204482 204821 41808 50468 288131 27282 204480 204819
34542 151041 -28429 -59049 -96643 -121106 34542 151041
143451 -179967 53158 38330 -62076 -221614 143451 -179967
207592 -252433 17987 63019 130336 -299714 207590 -252431
-128049 -193040 22834 61429 -187283 -136328 -128047 -193038
237864 233448 6474 -65215 -213638 -255802 237861 233445
-161122 103294 -9939 -64778 143593 -126535 -161122 103295
37062 -109147 50676 41556 -60898 -97868 37062 -109147
-193186 -201832 -20343 -62299 246295 131896 -193188 -201834
152393 115601 54379 -36577 10867 -190969 152393 115601
36587 186913 6474 65215 54872 182383 36586 186910
18135 146747 -33886 -56095 -91399 -116230 18134 146745
-196202 92856 33735 -56186 216008 21388 -196200 92855
-141610 -22230 63728 -15289 11420 142889 -141611 -22230
-147653 242426 32978 56634 -5607 283796 -147653 242425
38848 -146212 20008 62407 -7645 -151091 38848 -146211
114705 -11886 -13794 64068 114637 12523 114705 -11886
163531 -144010 -19168 62670 198500 -89883 163530 -144010
-215379 201754 64532 -11427 236217 176901 -215378 201753
121895 154080 49493 -42958 36461 -193053 121895 154079
159165 41217 46959 -45715 -81493 -142799 159167 41217
87328 -83594 -64993 8421 94123 75863 87329 -83595
-115372 -131231 55913 -34187 -51778 166888 -115373 -131233
-78771 -48171 61577 22433 -72224 57524 -78771 -48170
159862 -90475 -28179 59168 183231 -12947 159860 -90474
167637 153957 25959 -60175 -92941 -207764 167634 153954
-45750 75393 -35654 -54989 -2629 -88149 -45750 75393
15 -240396 -60653 24824 222490 -91044 15 -240399
244840 -252805 19409 62596 158986 -313975 244840 -252805
-221544 112696 43750 48795 -89718 231805 -221546 112698
92449 111577 60518 -25149 67557 -128187 92447 111575
-81061 147518 -26512 -59934 14455 -167701 -81061 147518
-99995 24691 48356 -44234 85711 57116 -99995 24691
-13496 252375 804 -65531 16591 -252190 -13496 252374
115387 117529 14433 -63927 -86671 -140055 115387 117529
192331 -87797 -55715 34508 175912 117279 192330 -87797
260865 -220174 43974 -48593 -341158 -11785 260866 -220175
61855 -257240 61081 23750 -217337 -150873 61855 -257239
-93218 -86096 1659 -65515 91009 88428 -93218 -86096
15140 142700 54125 -36951 109317 -92962 15140 142697
68314 125580 59770 26879 142550 -10798 68314 125579
58388 -176209 30316 58103 -29746 -183233 58389 -176211
49859 -243423 -46801 45877 208738 -134797 49860 -243427
179990 28073 51742 -40221 -88300 -159335 179990 28073
69229 -167566 9094 -64902 -91811 156339 69229 -167567
202956 15508 -43656 48878 141038 146763 202953 15508
-70962 -41608 -57714 31049 3022 -82205 -70962 -41608
-59346 -123568 38452 53070 -120559 -65243 -59347 -123568
53052 167115 -6874 65175 35231 171759 53053 167118
-236782 139282 -64659 -10684 -98817 -256320 -236780 139281
172879 -64833 -35040 -55382 -111429 147221 172879 -64833
-161433 108996 -44530 48084 -192504 -29719 -161434 108997
186736 225753 -36368 54519 30067 291428 186735 225752
-81899 -120650 34037 56004 -132648 -60567 -81898 -120650
155321 -58279 -55098 35485 133097 99027 155321 -58280
73625 -26601 553 -65534 -73847 25979 73626 -26601
-42345 -168146 -47551 45099 92862 -146435 -42345 -168148
26266 96591 65514 -1684 95884 -28739 26266 96590
35458 -192596 20223 62338 -25703 -194139 35458 -192597
-64828 -12374 -62815 18687 -6625 -65665 -64828 -12374
59681 -193028 -25219 60490 129365 -155200 59682 -193031
45335 231857 5573 65299 64888 227163 45336 231859
237187 -6317 -41498 50724 187580 145300 237190 -6317
237608 209197 -27245 59604 129132 289041 237605 209195
-197367 238498 30003 58265 -66283 302394 -197368 238499
75 168465 -62685 19120 -161114 49221 75 168465
-225597 -155194 60710 24684 -228736 150531 -225599 -155195
213224 -81346 23304 61253 170363 -151850 213226 -81347
-260508 127803 34058 -55991 288983 26193 -260506 127802
-104431 -180322 -64461 -11823 196204 -70187 -104432 -180324
-60220 -145736 -65371 4646 141100 -70400 -60220 -145736
27656 -220546 65265 5948 -217124 -47558 27655 -220542
140178 126400 -22504 -61551 -175058 -70579 140178 126399
8151 -256476 -38472 -53055 143962 212416 8151 -256473
-110797 126289 -46994 -45679 -13332 -167474 -110798 126290
-215694 -27282 8346 -65002 210462 54528 -215691 -27281
-80008 177000 -51665 -40320 -90313 -171970 -80008 177000
-73923 87831 15900 -63578 93024 -67272 -73924 87831
-240643 -96799 13327 -64167 215932 143713 -240646 -96800
4576 -101665 22952 -61386 -39891 93625 4576 -101667
174895 73591 -52003 -39882 -164827 93996 174892 73589
11185 -134726 36827 54210 -66455 -117728 11185 -134726
-183603 -149690 -53769 -37469 227785 -65055 -183606 -149692
94623 124916 40042 -51881 1415 -156703 94624 124917
253526 -161211 37900 53465 113600 -278134 253523 -161209
84579 -209058 64684 -10535 -219936 -49873 84580 -209060
113541 -206249 -34401 -55781 11623 235149 113541 -206248
125528 -32248 38432 -53085 -120590 -47492 125530 -32248
218236 258976 -9989 64770 176212 289213 218234 258974
-144082 62746 62936 -18277 100439 120867 -144083 62746
196612 -30237 13180 -64197 -198676 -9922 196612 -30237
143313 -208189 21913 -61764 -204676 148287 143314 -208189
220640 -214724 -61350 -23046 123420 282056 220639 -214723
-112586 104568 -38044 -53363 30971 -150502 -112586 104568
168347 -149970 60576 -25010 -202865 -98374 168347 -149970
42425 6394 -5673 -65290 -42819 -2698 42425 6394
-82913 -199596 52459 39282 -209466 -53268 -82914 -199598
177793 -189229 -33087 56571 249007 -73581 177795 -189231
240671 -172723 -14629 -63882 -196042 222087 240669 -172721
-31150 -83274 58184 30160 -88267 -10668 -31150 -83274
180503 38188 -65535 352 -37218 180705 180502 38188
186351 8475 -65504 -2035 -14257 185997 186349 8475
40939 251318 47861 44769 211504 141783 40939 251316
-13740 198680 64382 -12243 197748 -23618 -13740 198678
150020 -15769 63780 -15069 -49841 -142374 150019 -15769
-74936 -239241 40735 -51339 -90002 233992 -74937 -239245
222861 -135919 63012 -18012 -191936 -176922 222860 -135918
138280 -91545 8720 64953 124869 -109130 138279 -91545
172418 115109 -55409 -34998 -189398 84304 172421 115111
213540 -120306 -7149 -65145 -199142 142882 213540 -120306
-52475 165004 -48761 43787 -157829 71202 -52475 165003
-226051 55917 -63288 17019 -112702 -203776 -226054 55918
130416 -80650 -40715 -51354 -52089 144220 130415 -80650
-176728 -47990 44604 -48015 96818 155442 -176728 -47990
-228632 192110 -17140 -63255 170431 -245219 -228633 192110
75447 68694 26397 -59985 -41388 -93265 75448 68695
-150979 252782 -65448 3391 -260255 -137697 -150978 252781
244531 74969 54337 -36639 -74551 -244657 244528 74968
43573 -96699 -10535 64684 58551 -88437 43573 -96699
217953 9865 -23069 61341 200529 85954 217949 9865
140523 -160937 56095 33886 -65094 -203493 140521 -160935
-132934 -169278 -12465 64340 -98311 -191473 -132935 -169280
-165706 -121825 -31930 -57231 204062 25653 -165704 -121824
-75873 -142377 -65228 -6349 149058 -61723 -75873 -142378
-173104 -25186 -7798 65070 -168876 -45604 -173102 -25186
-107010 256701 63535 -16070 275103 40797 -107009 256700
-28456 -17449 -21557 61889 -21133 -25838 -28456 -17449
-142720 35458 -64415 -12070 -8566 -146809 -142720 35458
-129272 217342 -65497 -2261 -212753 -136693 -129272 217342
-215634 -25148 -57880 30738 -78927 -202238 -215631 -25148
172126 -206746 -35380 55166 256503 -81109 172128 -206750
-128296 -161542 -65375 4596 152148 -139310 -128298 -161544
97845 59587 -53144 38350 8937 114213 97847 59587
240295 66264 -65353 4896 -48127 244574 240296 66264
35268 88578 -37221 -53941 -79336 -52876 35269 88580
-418 258553 -55409 34998 -218823 137721 -418 258556
240486 -103341 -27108 -59667 -176204 193560 240487 -103342
-171663 226393 65015 -8247 246195 141809 -171663 226393
-113329 95230 -11427 64532 -128197 74011 -113328 95230
199179 182068 -63175 -17431 -228486 143578 199177 182066
16736 -95988 8845 64936 3628 -97368 16736 -95987
-95445 57575 15729 -63621 106474 -32985 -95446 57576
157684 -109739 -7947 65052 169827 -89808 157683 -109738
178981 174397 25358 -60431 -97559 -230066 178980 174396
216449 -195629 -43525 48995 291743 -2501 216447 -195628
6024 -115383 47430 -45226 -87663 75265 6025 -115384
64965 -98953 -17067 63275 88493 -78621 64965 -98954
31482 -200910 -62822 18663 201555 -27036 31481 -200907
233089 -246388 59222 28066 -122829 -316149 233088 -246387
153983 19847 47186 -45480 -92570 -124641 153982 19847
-188530 96000 -23984 60990 -210585 20345 -188532 96001
-95887 -231906 2236 65498 -103744 -228500 -95888 -231907
-209734 152904 7423 65114 -191065 175675 -209733 152903
-48893 -117918 63248 -17164 -100996 78069 -48892 -117916
-64658 79327 52323 39462 24400 99388 -64658 79326
245198 15457 45299 -47360 -166510 -180653 245198 15457
69438 -133428 6824 -65180 -82954 125473 69438 -133429
-44039 -44572 -43167 -49311 62495 4530 -44039 -44572
203185 215150 -18229 -62950 -255012 -150144 203186 215152
-89599 -202224 -8895 64930 -61323 -212515 -89600 -202227
135473 -55213 18711 -62808 -145598 14236 135473 -55213
-54579 24510 -36577 54379 -58967 -10124 -54579 24510
16230 55394 -39100 52594 -20024 54138 16230 55394
-234415 -43624 53202 38269 -172298 164824 -234415 -43624
-230805 -158794 -9591 -64830 251558 123306 -230803 -158792
64012 225168 -52247 -39563 -218153 -84898 64012 225169
-198470 172144 -36493 -54435 68995 -253501 -198467 172142
-27885 -210185 56405 33368 -195098 -83017 -27885 -210184
21016 -79713 -29174 -58685 16666 80735 21016 -79714
-203031 211826 -45026 -47620 1994 -293409 -203033 211828
71789 52720 -56456 -33282 -81873 35069 71789 52720
192596 -196317 -21936 61756 247198 -120529 192597 -196318
-14919 -139834 -65532 -704 139986 -13416 -14919 -139833
-10432 197721 54920 35759 160001 116626 -10431 197719
217843 -152370 -44604 -48015 -55899 259899 217842 -152370
-169089 179293 -13844 -64057 127399 -210966 -169089 179293
98910 -5238 7798 65070 97583 -16970 98908 -5238
200652 194605 -18591 -62844 -247615 -129691 200654 194606
8692 236268 65046 -7997 233441 -37458 8692 236266
149657 167529 50211 -42117 32176 -222324 149657 167529
-213165 -186440 -16435 63442 -159599 -233940 -213167 -186441
93400 40782 -62430 -19936 -67261 76568 93400 40781
-35627 103313 -39362 52398 -90536 61204 -35626 103312
-127730 176084 -62971 -18156 -133806 -171513 -127731 176085
109122 33700 -35189 -55288 -110153 30162 109123 33700
106695 17745 -57280 31842 36330 101876 106694 17745
-23170 45871 -35295 -55220 -5181 -51129 -23171 45871
-10396 245563 40458 51557 143417 199602 -10397 245563
-251613 29294 50724 41498 -136651 213294 -251615 29294
149637 134744 26005 -60156 -83886 -183059 149638 134745
-165356 -53031 -65106 7498 33765 -170338 -165357 -53032
-38770 -35157 -24824 -60653 49198 17852 -38770 -35157
130849 100570 49805 -42597 -8619 -164809 130851 100572
220991 -258910 55179 35358 -98764 -325754 220988 -258907
-84271 -35090 -60441 25335 -216 -91285 -84272 -35090
-11201 -87276 -41186 50977 46136 -74927 -11201 -87276
-134323 -137411 42079 -50243 14750 191591 -134324 -137412
-4664 -108805 56186 33735 -95683 -52009 -4664 -108804
-90176 174908 19288 62633 -34704 193700 -90175 174906
193281 -89519 4270 65397 187038 -101922 193282 -89519
-95539 -162030 -12366 -64359 124397 141093 -95540 -162032
177965 205052 -49641 -42787 -271508 928 177964 205051
-92632 48753 -63608 -15778 -25017 -101644 -92631 48752
38371 -254330 65411 4044 -251477 -53992 38371 -254329
78038 -245562 -40419 -51588 90020 241429 78039 -245565
179790 236881 64923 8944 259202 -145780 179791 236882
-187842 82976 -64325 12539 -117383 -168495 -187840 82976
37303 258862 63674 -15509 242680 -97502 37302 258859
-117681 55559 -7523 -65103 110526 -68701 -117682 55560
-194665 167260 -18663 62822 -234235 104898 -194662 167258
229983 64160 -51386 -40675 -193046 140506 229983 64160
-163408 96509 46127 -46554 184005 46458 -163408 96509
-152326 -43704 -63410 -16557 80770 -136343 -152326 -43704
37708 -71882 -42996 49460 75618 -29510 37708 -71882
-246491 215515 -52848 38757 -319562 -71317 -246494 215518
-226928 -113983 7648 65088 -238678 -86721 -226926 -113982
-135171 -1274 -16849 63333 -130300 -35983 -135171 -1274
-241327 130651 -36263 -54589 128723 -242361 -241327 130651
216256 131101 37427 -53797 -102649 -231120 216253 131099
100094 86355 -61333 23093 -45547 124104 100095 86357
122332 95437 -45044 47603 23262 153403 122333 95438
-241920 76080 -44714 47912 -228771 -109437 -241917 76079
100216 134062 -58436 29668 -74171 150048 100215 134062
107334 3631 62943 -18253 -26407 -104099 107335 3631
-46000 162302 -13991 64025 -79589 148740 -46000 162302
-213072 91864 -61914 -21486 -16931 -231414 -213074 91864
76566 97643 10907 64622 91749 83539 76566 97643
171472 -224669 -59212 -28088 129498 251216 171473 -224670
-14729 -226271 -54589 -36263 196625 112934 -14729 -226271
161486 -64457 -43469 -49045 -78098 155349 161487 -64457
87803 245077 -41478 -50740 -223090 -134175 87803 245077
-1961 154287 23680 61108 53920 144571 -1961 154286
-16530 122199 17116 -63262 47871 -113642 -16530 122201
-76728 46512 61823 21747 18416 87815 -76729 46513
25384 -231292 41692 -50564 -166726 162304 25384 -231291
245811 84527 54309 -36681 -67536 -251011 245811 84526
205987 -4762 55125 -35443 -115407 -170689 205988 -4762
1224 79629 -20199 -62346 -25707 -75376 1224 79630
17984 -69847 14555 63899 2022 -72096 17983 -69846
145916 -110619 -65478 -2764 104367 150452 145917 -110620
-109485 240380 -60175 25959 -264084 -5314 -109484 240376
-155879 30815 -63301 -16970 10599 -158542 -155880 30816
93096 -148692 25 -65536 -93153 148656 93096 -148692
-42764 -155391 21510 61906 -91397 -132748 -42764 -155393
167812 89903 37921 -53451 -84847 -170425 167814 89903
137669 -259697 32826 -56722 -249232 155814 137668 -259695
79948 -124299 -64834 -9566 111298 97235 79948 -124299
173522 167861 13819 64062 205015 127497 173520 167859
198198 129040 14040 -64014 -165950 -168504 198195 129039
142813 -261105 -44861 47775 282842 -92584 142813 -261105
202133 204324 62872 -18494 138977 -251576 202131 204321
96743 -201898 57869 30760 -132871 -180188 96744 -201900
240315 -14472 -8596 -64970 -236341 45868 240316 -14472
-86326 -13203 32412 56960 -81559 31219 -86326 -13203
180993 33704 63529 -16095 -11778 -183728 180994 33704
227556 -42035 -62886 -18446 -23713 230186 227553 -42035
-130055 -99948 -60614 24917 42994 -158288 -130054 -99947
251150 199506 62125 20867 269090 -174554 251149 199506
50649 246973 64692 -10485 235689 -89510 50650 246974
-98880 -78755 -61568 -22457 107870 -65906 -98879 -78755
-47215 -144642 -39882 52003 50557 -143507 -47214 -144640
44671 -129092 -61756 21936 136598 -1115 44671 -129092
104231 -115816 65493 2362 -111983 -108337 104230 -115814
-233534 222766 37900 53465 -61692 316790 -233531 222764
54445 148013 -1458 -65520 -57725 -146766 54446 148014
-73577 -94338 -62514 19672 67902 -98502 -73578 -94338
162652 168446 8944 64923 184119 144673 162653 168447
-180145 31773 55900 34208 -66929 170242 -180146 31773
-143668 181270 -65371 4646 -190999 -130456 -143668 181270
-45678 26839 -51789 -40161 6783 -52544 -45679 26839
-177508 88930 11526 -64514 190380 -56324 -177505 88928
41800 -143205 -29645 58448 102057 -108809 41800 -143206
7998 -60427 -37055 -54054 27570 54362 7997 -60426
132740 -74548 64438 -11946 -97495 -116927 132740 -74548
-45984 -141977 21201 -62012 -2418 149219 -45985 -141977
-49401 128670 30338 58091 15775 136922 -49401 128670
42012 -104058 64967 -8621 -108681 -27959 42013 -104060
64897 43583 -38838 52788 26445 73565 64897 43583
-220276 -24735 64501 11600 -63334 212419 -220275 -24735
201926 90209 63894 14580 132872 -176798 201929 90210
-53343 -155490 -41789 -50484 140240 85764 -53343 -155490
248501 -241191 58516 29511 -103455 -330491 248504 -241194
-105172 168922 -18132 -62978 54331 -191427 -105173 168923
154815 146015 59233 28043 198218 -77445 154815 146015
-92736 216879 -56367 -33433 -139227 -190402 -92737 216881
-31211 -198093 -36347 54533 83894 -182145 -31211 -198093
-31620 -57745 -46216 46465 18303 -63240 -31620 -57744
52847 -250509 -65182 -6799 243673 78550 52846 -250506
