RUN_ID=20260922_124923_408
LEGACY_COMPARISON_FILE=D:/Project/FPGA_XC7A200T/.Xil/step7d/20260922_113014_967/05_speed_deadtime_1us.mat
NO_WAVEFORM_EQUIVALENCE_CLAIM=1
DIAGNOSTIC_ONLY=1
ORIGINAL_GATE_FAILURE=Step7D:SpeedPerformance: Speed window 1 failed: [N MAE RMSE MAX MEAN_V SPAN]=[30 1.05212 1.1026456 1.3471521 4.3396399 0]
SPEED_WINDOW=[0.27 0.3] LEGACY_N_MAE_RMSE_MAX=[30 0.12608974027095574 0.12857268891715048 0.15011516275155223] FPGA_N_MAE_RMSE_MAX_MEANV_REFSPAN=[30 1.0521200448207968 1.1026455759359703 1.3471520863784328 4.339639914390518 0]
SPEED_WINDOW=[0.44 0.49] LEGACY_N_MAE_RMSE_MAX=[50 0.22496500822923607 0.23170227963399337 0.2690825600665081] FPGA_N_MAE_RMSE_MAX_MEANV_REFSPAN=[50 0.091153284649981306 0.09669141617586581 0.12527282441043355 -0.091153284649981306 0]
SPEED_WINDOW=[0.65 0.74] LEGACY_N_MAE_RMSE_MAX=[90 0.2242432883137345 0.23193708148116976 0.26868036334998546] FPGA_N_MAE_RMSE_MAX_MEANV_REFSPAN=[90 1.0414842647620155 1.073641664736511 1.2209883035985492 -5.0859858883661344 0]
SPEED_WINDOW=[1 1.04] LEGACY_N_MAE_RMSE_MAX=[40 4.6680376408284289e-06 7.0096617422198105e-06 1.9715144915527932e-05] FPGA_N_MAE_RMSE_MAX_MEANV_REFSPAN=[40 0.00089059141082420954 0.0011047235015024242 0.002573133552528863 1.4188016362458382e-05 0]
SPEED_WINDOW=[1.12 1.2] LEGACY_N_MAE_RMSE_MAX=[80 0.2248768093577776 0.23129400324690291 0.26463158161155215] FPGA_N_MAE_RMSE_MAX_MEANV_REFSPAN=[80 1.0613161585901019 1.0874206168479268 1.177788719571401 -0.21040574186857192 0]
ZERO_SPEED_LOAD_WINDOW=[1,1.04) MEAN_IQ_REF_A=0.022519426524080934 INTEGRATOR_MIN_MAX=[0.022515279330621328 0.022524408857442935] HARD_RESET=0 INT_RESET=0
FPGA_METRICS={"speed":[[30,1.0521200448207968,1.1026455759359703,1.3471520863784328,4.339639914390518,0],[50,0.0911532846499813,0.09669141617586581,0.12527282441043355,-0.0911532846499813,0],[90,1.0414842647620155,1.073641664736511,1.2209883035985492,-5.0859858883661344,0],[40,0.00089059141082420954,0.0011047235015024242,0.002573133552528863,1.4188016362458382E-5,0],[80,1.0613161585901019,1.0874206168479268,1.177788719571401,-0.21040574186857192,0]],"iq_rmse_A":0.014551000201882663}
FPGA_FULL_RATE_PEAKS={"id_A":0.0054376155088927446,"iq_A":0.0965701744454575,"iq_ref_A":0.11253993615708498,"ia_A":0.00024972296848782029,"ib_A":0.083814297875533586,"ic_A":0.083772184286706811,"v_mmps":6.36239807277869,"x_min_mm":-0.015653002545042916,"x_max_mm":1.2507427921522316}
LEGACY_FULL_RATE_PEAKS={"cmpA":[4925.4425505040817,5103.2764443844053,0.6015,0.2508],"cmpB":[4862.3002978544191,5116.5425983143177,0.2029,0.70890000000000009],"cmpC":[4883.4574016856823,5137.6997021455809,0.70890000000000009,0.2029],"vd":[-0.61404896107999407,0.62218972652432369,0.31327699999999997,0.64797399999999994],"vq":[-0.69501515938330927,0.75660519177326047,0.674457,0.169399],"id":[-0.0019189796806625325,0.0020417537697084726,0.31593699999999997,0.20491499999999999],"iq":[-0.01580160307775879,0.036958575754406933,0.315948,0.204949],"ia":[-0.0017667518819734084,0.00024988956654774025,0.250946,0.46870599999999996],"ib":[-0.013785816299205745,0.032110897209633706,0.315948,0.204945],"ic":[-0.032061006543489028,0.013824771720110342,0.20495,0.315947],"x":[-0.015627434208977439,1.2530426146250251,1.050001,0.45814699999999997],"v":[-5.26870820392783,6.1320108595810625,0.675744,0.26093099999999997],"theta":[-0.0016365010835127116,0.13121831575803086,1.050001,0.45814699999999997],"we":[-0.551737832912265,0.64214267560642335,0.675744,0.26093099999999997],"id_ref":[0,0,0,0],"iq_ref":[-0.017596639656424252,0.037829282964419217,0.3139,0.2039],"v_ref":[-5,5,0.60010000000000008,0.1501],"x_ref":[0,1,0,0.4375],"integrator":[-0.006497356862695456,0.022519226568582327,0.3179,1.0509],"iq_limited":[-0.017596639656424252,0.037829282964419217,0.3139,0.2039],"iq_unlimited":[-0.017596639656424252,0.037829282964419217,0.3139,0.2039],"hard_reset":[0,0,0.00090000000000000008,0.00090000000000000008],"int_reset":[0,0,0.00090000000000000008,0.00090000000000000008],"close_en":[1,1,0,0],"pos_en":[0,0,0,0],"pwm_en":[1,1,0,0],"pi_reset":[0,0,0,0],"speed_tick":[0,1,0,0.00090000000000000008],"position_tick":[0,1,0,0.0099],"delayed1":[4925.4425505040817,5103.2764443844053,0.60155,0.25085],"delayed2":[4862.3002978544191,5116.5425983143177,0.20295000000000002,0.70895000000000008],"delayed3":[4883.4574016856823,5137.6997021455809,0.70895000000000008,0.20295000000000002]}
STEP7D_DIAGNOSTIC_RECORDED_NOT_ACCEPTED
