RUN_ID=20260922_190835_807
LEGACY_COMPARISON_FILE=D:\Project\FPGA_XC7A200T\.Xil\step7d\20260922_113014_967\04_speed_ideal_1us.mat
NO_WAVEFORM_EQUIVALENCE_CLAIM=1
DIAGNOSTIC_ONLY=0
ORIGINAL_GATE_FAILURE=
SPEED_WINDOW=[0.27 0.3] LEGACY_N_MAE_RMSE_MAX=[30 0.069932243579711229 0.093193930318897847 0.22704641925962132] FPGA_N_MAE_RMSE_MAX_MEANV_REFSPAN=[30 0.069722643491224187 0.092641590155678244 0.22169434893843931 5.0697226434912244 0]
SPEED_WINDOW=[0.44 0.49] LEGACY_N_MAE_RMSE_MAX=[50 0.00043798656639582089 0.00072934401784948951 0.0022930713803153385] FPGA_N_MAE_RMSE_MAX_MEANV_REFSPAN=[50 0.0025800448528623117 0.0055775526088966566 0.01837603939999171 -0.00065455088841692472 0]
SPEED_WINDOW=[0.65 0.74] LEGACY_N_MAE_RMSE_MAX=[90 8.1243404398091533e-05 0.00018069167725237885 0.00076269959413455268] FPGA_N_MAE_RMSE_MAX_MEANV_REFSPAN=[90 0.0014715004224280096 0.0018358327571002437 0.0044942403023000566 -5.0001146675906476 0]
SPEED_WINDOW=[1 1.04] LEGACY_N_MAE_RMSE_MAX=[40 8.0529028806529276e-06 1.2092361184831164e-05 3.4007233839306759e-05] FPGA_N_MAE_RMSE_MAX_MEANV_REFSPAN=[40 0.00094867923198633901 0.0011282178976314088 0.002274992384607882 4.1700153542136183e-05 0]
SPEED_WINDOW=[1.12 1.2] LEGACY_N_MAE_RMSE_MAX=[80 0.00011097446580001351 0.00023283969557356748 0.00092597504891744203] FPGA_N_MAE_RMSE_MAX_MEANV_REFSPAN=[80 0.0072871112280335241 0.0090941949034896701 0.018081987648293458 -0.00053682533539033432 0]
ZERO_SPEED_LOAD_WINDOW=[1,1.04) MEAN_IQ_REF_A=0.022516768498049022 INTEGRATOR_MIN_MAX=[0.022512305194155723 0.022522337038957473] HARD_RESET=0 INT_RESET=0
FPGA_METRICS={"speed":[[30,0.069722643491224187,0.092641590155678244,0.22169434893843931,5.0697226434912244,0],[50,0.0025800448528623117,0.0055775526088966566,0.01837603939999171,-0.00065455088841692472,0],[90,0.0014715004224280096,0.0018358327571002437,0.0044942403023000566,-5.0001146675906476,0],[40,0.000948679231986339,0.0011282178976314088,0.002274992384607882,4.1700153542136183E-5,0],[80,0.0072871112280335241,0.00909419490348967,0.018081987648293458,-0.00053682533539033432,0]],"iq_rmse_A":0.00054120873196143574}
FPGA_FULL_RATE_PEAKS={"id_A":0.00094259902249712419,"iq_A":0.026801956607056494,"iq_ref_A":0.025934916240963862,"ia_A":0.0021401027679023746,"ib_A":0.024131716171312458,"ic_A":0.022995519565964583,"v_mmps":6.1088197319649131,"x_min_mm":-0.015712971764201517,"x_max_mm":1.2514295807384297}
LEGACY_FULL_RATE_PEAKS={"cmpA":[4997.41664086004,5003.25602540773,0.6008,0.2508],"cmpB":[4973.767826623427,5014.2382597676115,0.2019,0.6008],"cmpC":[4985.7617402323895,5026.2321733765739,0.6008,0.2019],"vd":[-2.8439825399175986E-5,6.6380221940727513E-6,0.25095,0.20104899999999998],"vq":[-0.079348248683238684,0.1456004555726422,0.60094399999999992,0.20204899999999998],"id":[-5.334526617561124E-7,4.9713966385781087E-7,0.251183,0.20115],"iq":[-0.0032040226791129702,0.025721916336345,1.058395,0.208395],"ia":[-0.0017420624072110947,0.00030531176475415188,0.250942,0.5083],"ib":[-0.0028821359336850521,0.022961438803809305,0.258396,0.20890599999999998],"ic":[-0.022285930989503513,0.0027761261173545179,0.908397,1.058395],"x":[-0.015621633549300561,1.2514219151873076,1.050001,0.400001],"v":[-5.1007415920569974,6.1008539829144262,0.604108,0.254112],"theta":[-0.0016358936398518165,0.13104859650979048,1.050001,0.400001],"we":[-0.53414841044887229,0.63887993511159968,0.604108,0.254112],"id_ref":[0,0,0,0],"iq_ref":[-0.0032014551247563396,0.025719271915322667,1.0579,0.2079],"v_ref":[-5,5,0.60010000000000008,0.1501],"x_ref":[0,1,0,0.4375],"integrator":[-0.0020493845427337547,0.022519207797267089,0.6009,1.0509],"iq_limited":[-0.0032014551247563396,0.025719271915322667,1.0579,0.2079],"iq_unlimited":[-0.0032014551247563396,0.025719271915322667,1.0579,0.2079],"hard_reset":[0,0,0.00090000000000000008,0.00090000000000000008],"int_reset":[0,0,0.00090000000000000008,0.00090000000000000008],"close_en":[1,1,0,0],"pos_en":[0,0,0,0],"pwm_en":[1,1,0,0],"pi_reset":[0,0,0,0],"speed_tick":[0,1,0,0.00090000000000000008],"position_tick":[0,1,0,0.0099],"delayed1":[4997.41664086004,5003.25602540773,0.60085,0.25085],"delayed2":[4973.767826623427,5014.2382597676115,0.20195000000000002,0.60085],"delayed3":[4985.7617402323895,5026.2321733765739,0.60085,0.20195000000000002]}
STEP7D_OUTER_CASE_REPORT_PASS
