RUN_ID=20260922_210546_636
LEGACY_COMPARISON_FILE=D:\Project\FPGA_XC7A200T\.Xil\step7d\20260922_113014_967\05_speed_deadtime_1us.mat
NO_WAVEFORM_EQUIVALENCE_CLAIM=1
DIAGNOSTIC_ONLY=0
ORIGINAL_GATE_FAILURE=
SPEED_WINDOW=[0.27 0.3] LEGACY_N_MAE_RMSE_MAX=[30 0.12608974027095574 0.12857268891715048 0.15011516275155223] FPGA_N_MAE_RMSE_MAX_MEANV_REFSPAN=[30 0.12949933037435299 0.13154352877242903 0.15253758355775116 4.8705006696256463 0]
SPEED_WINDOW=[0.44 0.49] LEGACY_N_MAE_RMSE_MAX=[50 0.22496500822923607 0.23170227963399337 0.2690825600665081] FPGA_N_MAE_RMSE_MAX_MEANV_REFSPAN=[50 0.22452894702660062 0.23160529394904136 0.26985997570605336 -0.019843396976930983 0]
SPEED_WINDOW=[0.65 0.74] LEGACY_N_MAE_RMSE_MAX=[90 0.2242432883137345 0.23193708148116976 0.26868036334998546] FPGA_N_MAE_RMSE_MAX_MEANV_REFSPAN=[90 0.22912217171201621 0.23609129410941529 0.27263401284335576 -5.0413941862107885 0]
SPEED_WINDOW=[1 1.04] LEGACY_N_MAE_RMSE_MAX=[40 4.6680376408284289e-06 7.0096617422198105e-06 1.9715144915527932e-05] FPGA_N_MAE_RMSE_MAX_MEANV_REFSPAN=[40 0.0010945827740539166 0.0013692365768377939 0.002914934324035882 7.7416472817524325e-06 0]
SPEED_WINDOW=[1.12 1.2] LEGACY_N_MAE_RMSE_MAX=[80 0.2248768093577776 0.23129400324690291 0.26463158161155215] FPGA_N_MAE_RMSE_MAX_MEANV_REFSPAN=[80 0.22229210788286852 0.22884285174931387 0.26371587790834522 -0.013726438856912049 0]
ZERO_SPEED_LOAD_WINDOW=[1,1.04) MEAN_IQ_REF_A=0.022516865519574259 INTEGRATOR_MIN_MAX=[0.022512899633446617 0.022521841957356865] HARD_RESET=0 INT_RESET=0
FPGA_METRICS={"speed":[[30,0.129499330374353,0.13154352877242903,0.15253758355775116,4.8705006696256463,0],[50,0.22452894702660062,0.23160529394904136,0.26985997570605336,-0.019843396976930983,0],[90,0.22912217171201621,0.23609129410941529,0.27263401284335576,-5.0413941862107885,0],[40,0.0010945827740539166,0.0013692365768377939,0.002914934324035882,7.7416472817524325E-6,0],[80,0.22229210788286852,0.22884285174931387,0.26371587790834522,-0.013726438856912049,0]],"iq_rmse_A":0.0035283092721305454}
FPGA_FULL_RATE_PEAKS={"id_A":0.0019913538172737577,"iq_A":0.036423338607370556,"iq_ref_A":0.037104996307131988,"ia_A":0.0020843737298049878,"ib_A":0.031579861597671975,"ic_A":0.031595176394496008,"v_mmps":6.1382018061087757,"x_min_mm":-0.015660642961814814,"x_max_mm":1.2530347734382254}
LEGACY_FULL_RATE_PEAKS={"cmpA":[4925.4425505040817,5103.2764443844053,0.6015,0.2508],"cmpB":[4862.3002978544191,5116.5425983143177,0.2029,0.70890000000000009],"cmpC":[4883.4574016856823,5137.6997021455809,0.70890000000000009,0.2029],"vd":[-0.61404896107999407,0.62218972652432369,0.31327699999999997,0.64797399999999994],"vq":[-0.69501515938330927,0.75660519177326047,0.674457,0.169399],"id":[-0.0019189796806625325,0.0020417537697084726,0.31593699999999997,0.20491499999999999],"iq":[-0.01580160307775879,0.036958575754406933,0.315948,0.204949],"ia":[-0.0017667518819734084,0.00024988956654774025,0.250946,0.46870599999999996],"ib":[-0.013785816299205745,0.032110897209633706,0.315948,0.204945],"ic":[-0.032061006543489028,0.013824771720110342,0.20495,0.315947],"x":[-0.015627434208977439,1.2530426146250251,1.050001,0.45814699999999997],"v":[-5.26870820392783,6.1320108595810625,0.675744,0.26093099999999997],"theta":[-0.0016365010835127116,0.13121831575803086,1.050001,0.45814699999999997],"we":[-0.551737832912265,0.64214267560642335,0.675744,0.26093099999999997],"id_ref":[0,0,0,0],"iq_ref":[-0.017596639656424252,0.037829282964419217,0.3139,0.2039],"v_ref":[-5,5,0.60010000000000008,0.1501],"x_ref":[0,1,0,0.4375],"integrator":[-0.006497356862695456,0.022519226568582327,0.3179,1.0509],"iq_limited":[-0.017596639656424252,0.037829282964419217,0.3139,0.2039],"iq_unlimited":[-0.017596639656424252,0.037829282964419217,0.3139,0.2039],"hard_reset":[0,0,0.00090000000000000008,0.00090000000000000008],"int_reset":[0,0,0.00090000000000000008,0.00090000000000000008],"close_en":[1,1,0,0],"pos_en":[0,0,0,0],"pwm_en":[1,1,0,0],"pi_reset":[0,0,0,0],"speed_tick":[0,1,0,0.00090000000000000008],"position_tick":[0,1,0,0.0099],"delayed1":[4925.4425505040817,5103.2764443844053,0.60155,0.25085],"delayed2":[4862.3002978544191,5116.5425983143177,0.20295000000000002,0.70895000000000008],"delayed3":[4883.4574016856823,5137.6997021455809,0.70895000000000008,0.20295000000000002]}
STEP7D_OUTER_CASE_REPORT_PASS
